,,,,,,,,
date,day,Aquatic Programs Count,Family Swim Count,Lap Swim Count,Water Exercise Count,Total No of Daily Swimmers,No of Daily Tallies,No of Daily Swimmers per Tallies
2019-01-02,Wednesday,6,20,49,25,100,20,5
2019-01-03,Thursday,10,0,31,44,85,13,6.54
2019-01-04,Friday,4,18,60,44,126,21,6
2019-01-05,Saturday,0,129,111,0,240,18,13.33
2019-01-06,Sunday,273,172,34,0,479,20,23.95
2019-01-07,Monday,31,9,145,99,284,31,9.16
2019-01-08,Tuesday,14,9,79,28,130,28,4.64
2019-01-09,Wednesday,120,0,142,57,319,28,11.39
2019-01-10,Thursday,3,14,35,54,106,16,6.62
2019-01-11,Friday,0,37,38,0,75,15,5
2019-01-12,Saturday,0,45,53,0,98,17,5.76
2019-01-13,Sunday,0,113,566,0,679,20,33.95
2019-01-14,Monday,23,0,33,46,102,15,6.8
2019-01-15,Tuesday,6,0,49,0,55,13,4.23
2019-01-16,Wednesday,0,0,60,37,97,15,6.47
2019-01-17,Thursday,7,0,16,42,65,13,5
2019-01-18,Friday,42,3,64,1,110,22,5
2019-01-19,Saturday,73,11,14,0,98,12,8.17
2019-01-20,Sunday,263,319,61,0,643,22,29.23
2019-01-21,Monday,93,0,18,38,149,14,10.64
2019-01-22,Tuesday,6,0,33,19,58,16,3.62
2019-01-23,Wednesday,15,0,26,36,77,18,4.28
2019-01-24,Thursday,11,10,25,45,91,19,4.79
2019-01-25,Friday,0,16,45,3,64,15,4.27
2019-01-26,Saturday,69,57,13,0,139,12,11.58
2019-01-27,Sunday,184,0,0,0,184,15,12.27
2019-01-28,Monday,90,0,49,69,208,25,8.32
2019-01-29,Tuesday,0,0,20,22,42,8,5.25
2019-01-30,Wednesday,33,0,41,31,105,21,5
2019-01-31,Thursday,30,7,27,43,107,17,6.29
2019-02-01,Friday,16,26,79,40,161,22,7.32
2019-02-02,Saturday,31,155,11,0,197,10,19.7
2019-02-03,Sunday,179,166,26,0,371,17,21.82
2019-02-04,Monday,63,0,17,30,110,18,6.11
2019-02-05,Tuesday,5,7,33,15,60,14,4.29
2019-02-06,Wednesday,12,0,54,41,107,13,8.23
2019-02-07,Thursday,17,9,32,48,106,19,5.58
2019-02-08,Friday,11,17,76,41,145,22,6.59
2019-02-09,Saturday,134,35,42,0,211,15,14.07
2019-02-15,Friday,7,0,21,0,28,13,2.15
2019-02-16,Saturday,76,65,12,0,153,14,10.93
2019-02-17,Sunday,50,45,17,0,112,16,7
2019-02-19,Tuesday,4,3,52,13,72,18,4
2019-02-20,Wednesday,13,0,82,38,133,24,5.54
2019-02-21,Thursday,1,14,10,30,55,11,5
2019-02-22,Friday,0,13,83,6,102,20,5.1
2019-02-23,Saturday,36,11,21,0,68,9,7.56
2019-02-25,Monday,54,7,28,58,147,22,6.68
2019-02-26,Tuesday,4,0,62,10,76,16,4.75
2019-02-27,Wednesday,32,0,51,30,113,21,5.38
2019-02-28,Thursday,5,20,22,25,72,13,5.54
2019-03-01,Friday,7,0,45,32,84,15,5.6
2019-03-02,Saturday,44,47,16,0,107,7,15.29
2019-03-03,Sunday,135,174,6,0,315,17,18.53
2019-03-04,Monday,56,8,35,56,155,24,6.46
2019-03-05,Tuesday,9,7,40,8,64,18,3.56
2019-03-06,Wednesday,21,7,29,3,60,16,3.75
2019-03-07,Thursday,0,8,26,55,89,14,6.36
2019-03-08,Friday,16,20,27,24,87,17,5.12
2019-03-09,Saturday,47,159,12,0,218,10,21.8
2019-03-10,Sunday,56,151,4,0,211,11,19.18
2019-03-11,Monday,38,6,58,58,160,22,7.27
2019-03-14,Thursday,6,0,21,52,79,14,5.64
2019-03-15,Friday,13,16,68,0,97,19,5.11
2019-03-16,Saturday,76,23,3,0,102,12,8.5
2019-03-17,Sunday,34,57,36,0,127,10,12.7
2019-03-18,Monday,30,14,26,24,94,18,5.22
2019-03-19,Tuesday,0,12,45,4,61,12,5.08
2019-03-20,Wednesday,12,4,27,1,44,13,3.38
2019-03-21,Thursday,0,4,21,58,83,14,5.93
2019-03-22,Friday,12,2,60,1,75,21,3.57
2019-03-24,Sunday,52,90,95,0,237,16,14.81
2019-03-25,Monday,43,23,33,52,151,21,7.19
2019-03-26,Tuesday,0,15,48,27,90,20,4.5
2019-03-27,Wednesday,8,0,35,28,71,19,3.74
2019-03-28,Thursday,10,7,33,35,85,16,5.31
2019-03-29,Friday,8,29,49,41,127,21,6.05
2019-03-30,Saturday,11,105,39,0,155,19,8.16
2019-03-31,Sunday,0,216,217,0,433,21,20.62
2019-04-01,Monday,24,38,62,65,189,23,8.22
2019-04-02,Tuesday,0,15,64,59,138,20,6.9
2019-04-03,Wednesday,7,11,54,37,109,20,5.45
2019-04-04,Thursday,0,0,16,63,79,13,6.08
2019-04-05,Friday,2,10,62,41,115,23,5
2019-04-06,Saturday,0,40,59,0,99,23,4.3
2019-04-07,Sunday,0,92,63,0,155,18,8.61
2019-04-08,Monday,54,0,36,44,134,17,7.88
2019-04-09,Tuesday,5,9,51,39,104,16,6.5
2019-04-10,Wednesday,13,6,42,16,77,21,3.67
2019-04-11,Thursday,5,4,28,16,53,11,4.82
2019-04-12,Friday,0,7,51,0,58,18,3.22
2019-04-13,Saturday,107,7,7,0,121,12,10.08
2019-04-14,Sunday,301,256,58,0,615,22,27.95
2019-04-15,Monday,84,7,43,40,174,24,7.25
2019-04-16,Tuesday,16,13,31,48,108,20,5.4
2019-04-17,Wednesday,29,2,62,40,133,22,6.05
2019-04-18,Thursday,9,5,18,40,72,15,4.8
2019-04-19,Friday,10,17,29,2,58,16,3.62
2019-04-20,Saturday,93,14,14,0,121,12,10.08
2019-04-21,Sunday,100,57,39,0,196,17,11.53
2019-04-22,Monday,76,2,73,101,252,31,8.13
2019-04-23,Tuesday,5,0,30,43,78,10,7.8
2019-04-24,Wednesday,40,10,66,37,153,22,6.95
2019-04-25,Thursday,2,5,29,41,77,13,5.92
2019-04-26,Friday,10,9,71,3,93,21,4.43
2019-04-27,Saturday,144,110,18,0,272,16,17
2019-04-28,Sunday,265,236,109,0,610,20,30.5
2019-04-29,Monday,84,6,36,66,192,26,7.38
2019-04-30,Tuesday,25,40,42,61,168,21,8
2019-05-01,Wednesday,31,9,64,32,136,21,6.48
2019-05-02,Thursday,3,3,20,62,88,15,5.87
2019-05-03,Friday,8,17,71,3,99,22,4.5
2019-05-05,Sunday,76,145,11,0,232,14,16.57
2019-05-06,Monday,30,2,42,42,116,24,4.83
2019-05-07,Tuesday,6,0,27,36,69,12,5.75
2019-05-08,Wednesday,29,0,53,19,101,22,4.59
2019-05-09,Thursday,0,0,11,32,43,7,6.14
2019-05-10,Friday,5,13,46,2,66,16,4.12
2019-05-11,Saturday,32,112,25,0,169,18,9.39
2019-05-12,Sunday,30,71,21,0,122,17,7.18
2019-05-13,Monday,9,0,36,48,93,17,5.47
2019-05-14,Tuesday,0,12,34,40,86,17,5.06
2019-05-15,Wednesday,12,0,48,31,91,25,3.64
2019-05-16,Thursday,0,2,20,52,74,12,6.17
2019-05-17,Friday,0,6,32,34,72,16,4.5
2019-05-18,Saturday,55,145,42,0,242,13,18.62
2019-05-19,Sunday,176,141,102,0,419,20,20.95
2019-05-20,Monday,92,9,61,68,230,26,8.85
2019-05-21,Tuesday,0,27,72,76,175,21,8.33
2019-05-22,Wednesday,17,15,66,40,138,21,6.57
2019-05-23,Thursday,0,6,20,57,83,14,5.93
2019-05-24,Friday,6,32,34,35,107,19,5.63
2019-05-25,Saturday,0,75,28,0,103,13,7.92
2019-05-26,Sunday,61,80,45,0,186,18,10.33
2019-05-27,Monday,57,180,72,76,385,18,21.39
2019-05-28,Tuesday,11,0,28,64,103,19,5.42
2019-05-29,Wednesday,0,10,51,26,87,22,3.95
2019-05-30,Thursday,7,0,17,57,81,17,4.76
2019-05-31,Friday,6,32,39,32,109,19,5.74
2019-06-01,Saturday,85,51,12,0,148,13,11.38
2019-06-02,Sunday,132,90,17,0,239,17,14.06
2019-06-03,Monday,35,10,51,63,159,22,7.23
2019-06-04,Tuesday,0,16,34,4,54,9,6
2019-06-05,Wednesday,16,10,20,18,64,19,3.37
2019-06-06,Thursday,0,1,22,43,66,10,6.6
2019-06-07,Friday,6,3,24,50,83,21,3.95
2019-06-08,Saturday,53,130,6,0,189,9,21
2019-06-09,Sunday,47,65,40,0,152,10,15.2
2019-06-10,Monday,0,31,85,75,191,23,8.3
2019-06-11,Tuesday,0,49,16,32,97,13,7.46
2019-06-12,Wednesday,0,0,70,27,97,19,5.11
2019-06-13,Thursday,0,0,6,47,53,7,7.57
2019-06-14,Friday,0,16,52,10,78,15,5.2
2019-06-15,Saturday,0,24,134,0,158,20,7.9
2019-06-16,Sunday,0,56,37,0,93,14,6.64
2019-06-17,Monday,9,3,17,48,77,20,3.85
2019-06-18,Tuesday,0,40,23,40,103,13,7.92
2019-06-19,Wednesday,0,8,37,3,48,20,2.4
2019-06-20,Thursday,0,43,12,55,110,14,7.86
2019-06-21,Friday,0,25,61,38,124,24,5.17
2019-06-22,Saturday,0,40,59,0,99,17,5.82
2019-06-23,Sunday,0,93,40,0,133,19,7
2019-06-24,Monday,6,26,48,33,113,21,5.38
2019-06-25,Tuesday,0,10,40,40,90,17,5.29
2019-06-26,Wednesday,0,4,41,32,77,16,4.81
2019-06-27,Thursday,0,4,51,31,86,13,6.62
2019-06-28,Friday,0,2,43,20,65,20,3.25
2019-06-30,Sunday,20,70,12,0,102,12,8.5
2019-07-01,Monday,12,13,34,63,122,21,5.81
2019-07-02,Tuesday,0,16,32,40,88,16,5.5
2019-07-03,Wednesday,0,2,42,35,79,17,4.65
2019-07-04,Thursday,0,25,9,35,69,9,7.67
2019-07-05,Friday,0,9,42,32,83,18,4.61
2019-07-06,Saturday,0,35,36,0,71,12,5.92
2019-07-07,Sunday,0,76,45,0,121,19,6.37
2019-07-08,Monday,4,0,29,15,48,13,3.69
2019-07-09,Tuesday,0,0,59,48,107,16,6.69
2019-07-10,Wednesday,0,20,42,14,76,17,4.47
2019-07-11,Thursday,0,4,21,24,49,8,6.12
2019-07-12,Friday,3,0,52,43,98,19,5.16
2019-07-13,Saturday,36,35,13,0,84,12,7
2019-07-14,Sunday,0,78,63,0,141,19,7.42
2019-07-15,Monday,16,7,48,43,114,21,5.43
2019-07-16,Tuesday,0,0,56,43,99,17,5.82
2019-07-17,Wednesday,6,0,59,16,81,22,3.68
2019-07-18,Thursday,0,0,36,20,56,13,4.31
2019-07-19,Friday,0,8,68,45,121,23,5.26
2019-07-20,Saturday,16,107,16,0,139,10,13.9
2019-07-21,Sunday,76,59,37,0,172,17,10.12
2019-07-22,Monday,37,10,39,44,130,20,6.5
2019-07-23,Tuesday,0,17,44,42,103,14,7.36
2019-07-24,Wednesday,32,0,39,9,80,19,4.21
2019-07-25,Thursday,0,0,41,14,55,14,3.93
2019-07-26,Friday,0,8,63,11,82,20,4.1
2019-07-27,Saturday,76,59,41,0,176,18,9.78
2019-07-28,Sunday,59,60,23,0,142,12,11.83
2019-07-29,Monday,44,0,40,39,123,20,6.15
2019-07-30,Tuesday,0,0,44,62,106,18,5.89
2019-07-31,Wednesday,54,0,33,0,87,15,5.8
2019-08-01,Thursday,46,13,38,20,117,18,6.5
2019-08-02,Friday,0,0,22,40,62,13,4.77
2019-08-03,Saturday,49,101,50,0,200,13,15.38
2019-08-04,Sunday,132,106,33,0,271,18,15.06
2019-08-05,Monday,50,8,57,50,165,24,6.88
2019-08-06,Tuesday,0,0,73,53,126,21,6
2019-08-07,Wednesday,13,3,69,44,129,23,5.61
2019-08-08,Thursday,0,20,31,48,99,16,6.19
2019-08-09,Friday,0,20,101,22,143,19,7.53
2019-08-10,Saturday,74,63,13,0,150,14,10.71
2019-08-11,Sunday,115,86,20,0,221,16,13.81
2019-08-12,Monday,45,6,45,68,164,22,7.45
2019-08-13,Tuesday,0,8,38,42,88,14,6.29
2019-08-14,Wednesday,15,9,52,2,78,17,4.59
2019-08-15,Thursday,0,19,25,11,55,9,6.11
2019-08-16,Friday,6,9,79,22,116,18,6.44
2019-08-17,Saturday,36,97,36,0,169,10,16.9
2019-08-18,Sunday,143,107,12,0,262,15,17.47
2019-08-19,Monday,59,9,53,60,181,26,6.96
2019-08-20,Tuesday,0,16,61,66,143,19,7.53
2019-08-21,Wednesday,17,0,45,27,89,19,4.68
2019-08-22,Thursday,0,25,12,18,55,9,6.11
2019-08-23,Friday,0,7,46,26,79,18,4.39
2019-08-24,Saturday,95,90,45,0,230,17,13.53
2019-08-25,Sunday,191,62,33,0,286,19,15.05
2019-08-26,Monday,51,9,55,47,162,22,7.36
2019-08-27,Tuesday,0,22,88,58,168,21,8
2019-08-28,Wednesday,12,8,49,35,104,19,5.47
2019-08-29,Thursday,0,0,21,54,75,11,6.82
2019-08-30,Friday,3,8,46,16,73,19,3.84
2019-08-31,Saturday,0,102,54,0,156,17,9.18
2019-09-01,Sunday,149,304,118,0,571,24,23.79
2019-09-02,Monday,14,94,100,61,269,23,11.7
2019-09-03,Tuesday,34,13,63,65,175,21,8.33
2019-09-04,Wednesday,3,0,68,34,105,22,4.77
2019-09-05,Thursday,7,2,22,59,90,14,6.43
2019-09-06,Friday,7,10,56,34,107,22,4.86
2019-09-07,Saturday,121,91,19,0,231,17,13.59
2019-09-08,Sunday,331,257,35,0,623,22,28.32
2019-09-09,Monday,58,10,56,51,175,26,6.73
2019-09-10,Tuesday,0,16,57,90,163,21,7.76
2019-09-11,Wednesday,26,25,45,34,130,25,5.2
2019-09-12,Thursday,0,4,56,47,107,19,5.63
2019-09-13,Friday,0,6,66,34,106,23,4.61
2019-09-14,Saturday,0,73,47,0,120,14,8.57
2019-09-15,Sunday,0,102,103,0,205,17,12.06
2019-09-16,Monday,30,20,140,89,279,26,10.73
2019-09-17,Tuesday,0,12,78,57,147,21,7
2019-09-18,Wednesday,9,0,54,15,78,26,3
2019-09-19,Thursday,10,4,48,35,97,18,5.39
2019-09-20,Friday,0,2,65,36,103,24,4.29
2019-09-21,Saturday,50,92,45,0,187,20,9.35
2019-09-22,Sunday,36,300,68,0,404,22,18.36
2019-09-23,Monday,7,0,90,57,154,26,5.92
2019-09-24,Tuesday,0,0,34,58,92,14,6.57
2019-09-25,Wednesday,1,5,50,31,87,20,4.35
2019-09-26,Thursday,0,13,32,48,93,14,6.64
2019-09-27,Friday,0,4,45,33,82,19,4.32
2019-09-28,Saturday,0,62,50,0,112,17,6.59
2019-09-29,Sunday,0,131,52,0,183,15,12.2
2019-09-30,Monday,0,0,31,3,34,14,2.43
2019-10-01,Tuesday,0,2,50,61,113,18,6.28
2019-10-02,Wednesday,7,0,28,0,35,15,2.33
2019-10-03,Thursday,0,4,43,56,103,18,5.72
2019-10-04,Friday,0,9,39,6,54,19,2.84
2019-10-05,Saturday,161,73,28,0,262,20,13.1
2019-10-06,Sunday,137,106,46,0,289,20,14.45
2019-10-07,Monday,61,0,83,48,192,26,7.38
2019-10-08,Tuesday,0,5,58,84,147,20,7.35
2019-10-09,Wednesday,30,15,31,27,103,23,4.48
2019-10-10,Thursday,0,0,33,68,101,15,6.73
2019-10-11,Friday,8,26,45,24,103,21,4.9
2019-10-12,Saturday,20,50,31,0,101,10,10.1
2019-10-13,Sunday,171,76,35,0,282,20,14.1
2019-10-14,Monday,49,23,75,67,214,26,8.23
2019-10-15,Tuesday,0,6,90,50,146,21,6.95
2019-10-16,Wednesday,25,14,47,22,108,26,4.15
2019-10-17,Thursday,0,3,48,53,104,16,6.5
2019-10-18,Friday,0,0,42,33,75,19,3.95
2019-10-19,Saturday,0,56,52,0,108,11,9.82
2019-10-20,Sunday,212,129,53,0,394,21,18.76
2019-11-25,Monday,0,9,57,41,107,20,5.35
2019-11-26,Tuesday,0,8,33,36,77,20,3.85
2019-11-27,Wednesday,0,7,55,15,77,23,3.35
2019-11-29,Friday,0,4,13,21,38,10,3.8
2019-11-30,Saturday,0,78,33,0,111,10,11.1
2019-12-01,Sunday,0,68,296,0,364,18,20.22
2019-12-02,Monday,0,14,108,38,160,26,6.15
2019-12-03,Tuesday,0,12,55,50,117,21,5.57
2019-12-04,Wednesday,0,4,57,3,64,19,3.37
2019-12-05,Thursday,0,0,30,49,79,17,4.65
2019-12-06,Friday,0,3,58,17,78,19,4.11
2019-12-07,Saturday,0,51,62,0,113,14,8.07
2019-12-08,Sunday,98,51,12,0,161,14,11.5
2019-12-09,Monday,19,6,19,53,97,16,6.06
2019-12-10,Tuesday,0,4,37,42,83,15,5.53
2019-12-11,Wednesday,0,6,51,5,62,20,3.1
2019-12-12,Thursday,0,4,27,55,86,16,5.38
2019-12-13,Friday,0,5,56,2,63,21,3
2019-12-14,Saturday,46,46,31,0,123,18,6.83
2019-12-15,Sunday,80,43,46,0,169,20,8.45
2019-12-16,Monday,0,0,21,34,55,17,3.24
2019-12-17,Tuesday,0,0,34,60,94,15,6.27
2019-12-18,Wednesday,2,3,29,26,60,21,2.86
2019-12-19,Thursday,0,3,26,43,72,14,5.14
2019-12-20,Friday,3,0,39,33,75,23,3.26
2019-12-21,Saturday,27,49,29,0,105,16,6.56
2019-12-22,Sunday,50,0,10,0,60,12,5
2019-12-23,Monday,0,0,40,12,52,20,2.6
2019-12-26,Thursday,0,31,28,31,90,17,5.29
2019-12-27,Friday,2,0,49,26,77,22,3.5
2019-12-28,Saturday,23,69,25,0,117,20,5.85
2019-12-29,Sunday,47,44,32,0,123,15,8.2
2019-12-30,Monday,0,0,35,32,67,15,4.47
2019-12-31,Tuesday,0,23,17,10,50,9,5.56
