dateTime	Aquatic Programs Count	Family Swim Count	Lap Swim Count	Water Excercise Count	Sum_Swimmers	No_Lessons	day
2019-01-01	0.0	0.0	9.0	0.0	9.0	0.0	Tuesday
2019-01-02	6.0	20.0	49.0	25.0	100.0	0.0	Wednesday
2019-01-03	10.0	0.0	31.0	44.0	85.0	0.0	Thursday
2019-01-04	4.0	18.0	60.0	44.0	126.0	0.0	Friday
2019-01-05	0.0	129.0	111.0	0.0	240.0	0.0	Saturday
2019-01-06	273.0	172.0	34.0	0.0	479.0	0.0	Sunday
2019-01-07	31.0	9.0	145.0	99.0	284.0	0.0	Monday
2019-01-08	14.0	9.0	79.0	28.0	130.0	0.0	Tuesday
2019-01-09	120.0	0.0	142.0	57.0	319.0	0.0	Wednesday
2019-01-10	3.0	14.0	35.0	54.0	106.0	0.0	Thursday
2019-01-11	0.0	37.0	38.0	0.0	75.0	0.0	Friday
2019-01-12	0.0	45.0	53.0	0.0	98.0	0.0	Saturday
2019-01-13	0.0	113.0	566.0	0.0	679.0	11.0	Sunday
2019-01-14	23.0	0.0	33.0	46.0	102.0	15.0	Monday
2019-01-15	6.0	0.0	49.0	0.0	55.0	13.0	Tuesday
2019-01-16	0.0	0.0	60.0	37.0	97.0	15.0	Wednesday
2019-01-17	7.0	0.0	16.0	42.0	65.0	13.0	Thursday
2019-01-18	42.0	3.0	64.0	1.0	110.0	22.0	Friday
2019-01-19	73.0	11.0	14.0	0.0	98.0	12.0	Saturday
2019-01-20	263.0	319.0	61.0	0.0	643.0	22.0	Sunday
2019-01-21	93.0	0.0	18.0	38.0	149.0	14.0	Monday
2019-01-22	6.0	0.0	33.0	19.0	58.0	16.0	Tuesday
2019-01-23	15.0	0.0	26.0	36.0	77.0	18.0	Wednesday
2019-01-24	11.0	10.0	25.0	45.0	91.0	19.0	Thursday
2019-01-25	0.0	16.0	45.0	3.0	64.0	15.0	Friday
2019-01-26	69.0	57.0	13.0	0.0	139.0	12.0	Saturday
2019-01-27	184.0	0.0	0.0	0.0	184.0	15.0	Sunday
2019-01-28	90.0	0.0	49.0	69.0	208.0	25.0	Monday
2019-01-29	0.0	0.0	20.0	22.0	42.0	8.0	Tuesday
2019-01-30	33.0	0.0	41.0	31.0	105.0	21.0	Wednesday
2019-01-31	30.0	7.0	27.0	43.0	107.0	17.0	Thursday
2019-02-01	16.0	26.0	79.0	40.0	161.0	22.0	Friday
2019-02-02	31.0	155.0	11.0	0.0	197.0	10.0	Saturday
2019-02-03	179.0	166.0	26.0	0.0	371.0	17.0	Sunday
2019-02-04	63.0	0.0	17.0	30.0	110.0	18.0	Monday
2019-02-05	5.0	7.0	33.0	15.0	60.0	14.0	Tuesday
2019-02-06	12.0	0.0	54.0	41.0	107.0	13.0	Wednesday
2019-02-07	17.0	9.0	32.0	48.0	106.0	19.0	Thursday
2019-02-08	11.0	17.0	76.0	41.0	145.0	22.0	Friday
2019-02-09	134.0	35.0	42.0	0.0	211.0	15.0	Saturday
2019-02-10	0.0	0.0	7.0	0.0	7.0	2.0	Sunday
2019-02-11	0.0	0.0	0.0	0.0	0.0	0.0	Monday
2019-02-12	0.0	0.0	0.0	0.0	0.0	0.0	Tuesday
2019-02-13	0.0	0.0	0.0	0.0	0.0	0.0	Wednesday
2019-02-14	0.0	0.0	0.0	0.0	0.0	0.0	Thursday
2019-02-15	7.0	0.0	21.0	0.0	28.0	13.0	Friday
2019-02-16	76.0	65.0	12.0	0.0	153.0	14.0	Saturday
2019-02-17	50.0	45.0	17.0	0.0	112.0	16.0	Sunday
2019-02-18	25.0	36.0	6.0	9.0	76.0	6.0	Monday
2019-02-19	4.0	3.0	52.0	13.0	72.0	18.0	Tuesday
2019-02-20	13.0	0.0	82.0	38.0	133.0	24.0	Wednesday
2019-02-21	1.0	14.0	10.0	30.0	55.0	11.0	Thursday
2019-02-22	0.0	13.0	83.0	6.0	102.0	20.0	Friday
2019-02-23	36.0	11.0	21.0	0.0	68.0	9.0	Saturday
2019-02-24	12.0	101.0	0.0	0.0	113.0	5.0	Sunday
2019-02-25	54.0	7.0	28.0	58.0	147.0	22.0	Monday
2019-02-26	4.0	0.0	62.0	10.0	76.0	16.0	Tuesday
2019-02-27	32.0	0.0	51.0	30.0	113.0	21.0	Wednesday
2019-02-28	5.0	20.0	22.0	25.0	72.0	13.0	Thursday
2019-03-01	7.0	0.0	45.0	32.0	84.0	15.0	Friday
2019-03-02	44.0	47.0	16.0	0.0	107.0	7.0	Saturday
2019-03-03	135.0	174.0	6.0	0.0	315.0	17.0	Sunday
2019-03-04	56.0	8.0	35.0	56.0	155.0	24.0	Monday
2019-03-05	9.0	7.0	40.0	8.0	64.0	18.0	Tuesday
2019-03-06	21.0	7.0	29.0	3.0	60.0	16.0	Wednesday
2019-03-07	0.0	8.0	26.0	55.0	89.0	14.0	Thursday
2019-03-08	16.0	20.0	27.0	24.0	87.0	17.0	Friday
2019-03-09	47.0	159.0	12.0	0.0	218.0	10.0	Saturday
2019-03-10	56.0	151.0	4.0	0.0	211.0	11.0	Sunday
2019-03-11	38.0	6.0	58.0	58.0	160.0	22.0	Monday
2019-03-12	0.0	0.0	11.0	0.0	11.0	4.0	Tuesday
2019-03-13	0.0	0.0	0.0	0.0	0.0	0.0	Wednesday
2019-03-14	6.0	0.0	21.0	52.0	79.0	14.0	Thursday
2019-03-15	13.0	16.0	68.0	0.0	97.0	19.0	Friday
2019-03-16	76.0	23.0	3.0	0.0	102.0	12.0	Saturday
2019-03-17	34.0	57.0	36.0	0.0	127.0	10.0	Sunday
2019-03-18	30.0	14.0	26.0	24.0	94.0	18.0	Monday
2019-03-19	0.0	12.0	45.0	4.0	61.0	12.0	Tuesday
2019-03-20	12.0	4.0	27.0	1.0	44.0	13.0	Wednesday
2019-03-21	0.0	4.0	21.0	58.0	83.0	14.0	Thursday
2019-03-22	12.0	2.0	60.0	1.0	75.0	21.0	Friday
2019-03-23	5.0	0.0	5.0	0.0	10.0	3.0	Saturday
2019-03-24	52.0	90.0	95.0	0.0	237.0	16.0	Sunday
2019-03-25	43.0	23.0	33.0	52.0	151.0	5.0	Monday
2019-03-26	0.0	15.0	48.0	27.0	90.0	0.0	Tuesday
2019-03-27	8.0	0.0	35.0	28.0	71.0	0.0	Wednesday
2019-03-28	10.0	7.0	33.0	35.0	85.0	0.0	Thursday
2019-03-29	8.0	29.0	49.0	41.0	127.0	0.0	Friday
2019-03-30	11.0	105.0	39.0	0.0	155.0	0.0	Saturday
2019-03-31	0.0	216.0	217.0	0.0	433.0	0.0	Sunday
2019-04-01	24.0	38.0	62.0	65.0	189.0	0.0	Monday
2019-04-02	0.0	15.0	64.0	59.0	138.0	0.0	Tuesday
2019-04-03	7.0	11.0	54.0	37.0	109.0	0.0	Wednesday
2019-04-04	0.0	0.0	16.0	63.0	79.0	0.0	Thursday
2019-04-05	2.0	10.0	62.0	41.0	115.0	0.0	Friday
2019-04-06	0.0	40.0	59.0	0.0	99.0	0.0	Saturday
2019-04-07	0.0	92.0	63.0	0.0	155.0	9.0	Sunday
2019-04-08	54.0	0.0	36.0	44.0	134.0	17.0	Monday
2019-04-09	5.0	9.0	51.0	39.0	104.0	16.0	Tuesday
2019-04-10	13.0	6.0	42.0	16.0	77.0	21.0	Wednesday
2019-04-11	5.0	4.0	28.0	16.0	53.0	11.0	Thursday
2019-04-12	0.0	7.0	51.0	0.0	58.0	18.0	Friday
2019-04-13	107.0	7.0	7.0	0.0	121.0	12.0	Saturday
2019-04-14	301.0	256.0	58.0	0.0	615.0	22.0	Sunday
2019-04-15	84.0	7.0	43.0	40.0	174.0	24.0	Monday
2019-04-16	16.0	13.0	31.0	48.0	108.0	20.0	Tuesday
2019-04-17	29.0	2.0	62.0	40.0	133.0	22.0	Wednesday
2019-04-18	9.0	5.0	18.0	40.0	72.0	15.0	Thursday
2019-04-19	10.0	17.0	29.0	2.0	58.0	16.0	Friday
2019-04-20	93.0	14.0	14.0	0.0	121.0	12.0	Saturday
2019-04-21	100.0	57.0	39.0	0.0	196.0	17.0	Sunday
2019-04-22	76.0	2.0	73.0	101.0	252.0	31.0	Monday
2019-04-23	5.0	0.0	30.0	43.0	78.0	10.0	Tuesday
2019-04-24	40.0	10.0	66.0	37.0	153.0	22.0	Wednesday
2019-04-25	2.0	5.0	29.0	41.0	77.0	13.0	Thursday
2019-04-26	10.0	9.0	71.0	3.0	93.0	21.0	Friday
2019-04-27	144.0	110.0	18.0	0.0	272.0	16.0	Saturday
2019-04-28	265.0	236.0	109.0	0.0	610.0	20.0	Sunday
2019-04-29	84.0	6.0	36.0	66.0	192.0	26.0	Monday
2019-04-30	25.0	40.0	42.0	61.0	168.0	21.0	Tuesday
2019-05-01	31.0	9.0	64.0	32.0	136.0	21.0	Wednesday
2019-05-02	3.0	3.0	20.0	62.0	88.0	15.0	Thursday
2019-05-03	8.0	17.0	71.0	3.0	99.0	22.0	Friday
2019-05-04	56.0	43.0	5.0	0.0	104.0	6.0	Saturday
2019-05-05	76.0	145.0	11.0	0.0	232.0	14.0	Sunday
2019-05-06	30.0	2.0	42.0	42.0	116.0	24.0	Monday
2019-05-07	6.0	0.0	27.0	36.0	69.0	12.0	Tuesday
2019-05-08	29.0	0.0	53.0	19.0	101.0	22.0	Wednesday
2019-05-09	0.0	0.0	11.0	32.0	43.0	7.0	Thursday
2019-05-10	5.0	13.0	46.0	2.0	66.0	16.0	Friday
2019-05-11	32.0	112.0	25.0	0.0	169.0	18.0	Saturday
2019-05-12	30.0	71.0	21.0	0.0	122.0	17.0	Sunday
2019-05-13	9.0	0.0	36.0	48.0	93.0	17.0	Monday
2019-05-14	0.0	12.0	34.0	40.0	86.0	17.0	Tuesday
2019-05-15	12.0	0.0	48.0	31.0	91.0	25.0	Wednesday
2019-05-16	0.0	2.0	20.0	52.0	74.0	12.0	Thursday
2019-05-17	0.0	6.0	32.0	34.0	72.0	16.0	Friday
2019-05-18	55.0	145.0	42.0	0.0	242.0	13.0	Saturday
2019-05-19	176.0	141.0	102.0	0.0	419.0	20.0	Sunday
2019-05-20	92.0	9.0	61.0	68.0	230.0	26.0	Monday
2019-05-21	0.0	27.0	72.0	76.0	175.0	21.0	Tuesday
2019-05-22	17.0	15.0	66.0	40.0	138.0	21.0	Wednesday
2019-05-23	0.0	6.0	20.0	57.0	83.0	14.0	Thursday
2019-05-24	6.0	32.0	34.0	35.0	107.0	19.0	Friday
2019-05-25	0.0	75.0	28.0	0.0	103.0	13.0	Saturday
2019-05-26	61.0	80.0	45.0	0.0	186.0	18.0	Sunday
2019-05-27	57.0	180.0	72.0	76.0	385.0	18.0	Monday
2019-05-28	11.0	0.0	28.0	64.0	103.0	19.0	Tuesday
2019-05-29	0.0	10.0	51.0	26.0	87.0	22.0	Wednesday
2019-05-30	7.0	0.0	17.0	57.0	81.0	17.0	Thursday
2019-05-31	6.0	32.0	39.0	32.0	109.0	19.0	Friday
2019-06-01	85.0	51.0	12.0	0.0	148.0	13.0	Saturday
2019-06-02	132.0	90.0	17.0	0.0	239.0	17.0	Sunday
2019-06-03	35.0	10.0	51.0	63.0	159.0	22.0	Monday
2019-06-04	0.0	16.0	34.0	4.0	54.0	9.0	Tuesday
2019-06-05	16.0	10.0	20.0	18.0	64.0	19.0	Wednesday
2019-06-06	0.0	1.0	22.0	43.0	66.0	10.0	Thursday
2019-06-07	6.0	3.0	24.0	50.0	83.0	21.0	Friday
2019-06-08	53.0	130.0	6.0	0.0	189.0	9.0	Saturday
2019-06-09	47.0	65.0	40.0	0.0	152.0	10.0	Sunday
2019-06-10	0.0	31.0	85.0	75.0	191.0	5.0	Monday
2019-06-11	0.0	49.0	16.0	32.0	97.0	0.0	Tuesday
2019-06-12	0.0	0.0	70.0	27.0	97.0	0.0	Wednesday
2019-06-13	0.0	0.0	6.0	47.0	53.0	0.0	Thursday
2019-06-14	0.0	16.0	52.0	10.0	78.0	0.0	Friday
2019-06-15	0.0	24.0	134.0	0.0	158.0	0.0	Saturday
2019-06-16	0.0	56.0	37.0	0.0	93.0	6.0	Sunday
2019-06-17	9.0	3.0	17.0	48.0	77.0	20.0	Monday
2019-06-18	0.0	40.0	23.0	40.0	103.0	13.0	Tuesday
2019-06-19	0.0	8.0	37.0	3.0	48.0	20.0	Wednesday
2019-06-20	0.0	43.0	12.0	55.0	110.0	14.0	Thursday
2019-06-21	0.0	25.0	61.0	38.0	124.0	24.0	Friday
2019-06-22	0.0	40.0	59.0	0.0	99.0	17.0	Saturday
2019-06-23	0.0	93.0	40.0	0.0	133.0	19.0	Sunday
2019-06-24	6.0	26.0	48.0	33.0	113.0	21.0	Monday
2019-06-25	0.0	10.0	40.0	40.0	90.0	17.0	Tuesday
2019-06-26	0.0	4.0	41.0	32.0	77.0	16.0	Wednesday
2019-06-27	0.0	4.0	51.0	31.0	86.0	13.0	Thursday
2019-06-28	0.0	2.0	43.0	20.0	65.0	20.0	Friday
2019-06-29	1.0	28.0	9.0	0.0	38.0	6.0	Saturday
2019-06-30	20.0	70.0	12.0	0.0	102.0	12.0	Sunday
2019-07-01	12.0	13.0	34.0	63.0	122.0	21.0	Monday
2019-07-02	0.0	16.0	32.0	40.0	88.0	16.0	Tuesday
2019-07-03	0.0	2.0	42.0	35.0	79.0	17.0	Wednesday
2019-07-04	0.0	25.0	9.0	35.0	69.0	9.0	Thursday
2019-07-05	0.0	9.0	42.0	32.0	83.0	18.0	Friday
2019-07-06	0.0	35.0	36.0	0.0	71.0	12.0	Saturday
2019-07-07	0.0	76.0	45.0	0.0	121.0	19.0	Sunday
2019-07-08	4.0	0.0	29.0	15.0	48.0	4.0	Monday
2019-07-09	0.0	0.0	59.0	48.0	107.0	0.0	Tuesday
2019-07-10	0.0	20.0	42.0	14.0	76.0	0.0	Wednesday
2019-07-11	0.0	4.0	21.0	24.0	49.0	0.0	Thursday
2019-07-12	3.0	0.0	52.0	43.0	98.0	0.0	Friday
2019-07-13	36.0	35.0	13.0	0.0	84.0	0.0	Saturday
2019-07-14	0.0	78.0	63.0	0.0	141.0	9.0	Sunday
2019-07-15	16.0	7.0	48.0	43.0	114.0	21.0	Monday
2019-07-16	0.0	0.0	56.0	43.0	99.0	17.0	Tuesday
2019-07-17	6.0	0.0	59.0	16.0	81.0	22.0	Wednesday
2019-07-18	0.0	0.0	36.0	20.0	56.0	13.0	Thursday
2019-07-19	0.0	8.0	68.0	45.0	121.0	23.0	Friday
2019-07-20	16.0	107.0	16.0	0.0	139.0	10.0	Saturday
2019-07-21	76.0	59.0	37.0	0.0	172.0	17.0	Sunday
2019-07-22	37.0	10.0	39.0	44.0	130.0	20.0	Monday
2019-07-23	0.0	17.0	44.0	42.0	103.0	14.0	Tuesday
2019-07-24	32.0	0.0	39.0	9.0	80.0	19.0	Wednesday
2019-07-25	0.0	0.0	41.0	14.0	55.0	14.0	Thursday
2019-07-26	0.0	8.0	63.0	11.0	82.0	20.0	Friday
2019-07-27	76.0	59.0	41.0	0.0	176.0	18.0	Saturday
2019-07-28	59.0	60.0	23.0	0.0	142.0	12.0	Sunday
2019-07-29	44.0	0.0	40.0	39.0	123.0	20.0	Monday
2019-07-30	0.0	0.0	44.0	62.0	106.0	18.0	Tuesday
2019-07-31	54.0	0.0	33.0	0.0	87.0	15.0	Wednesday
2019-08-01	46.0	13.0	38.0	20.0	117.0	18.0	Thursday
2019-08-02	0.0	0.0	22.0	40.0	62.0	13.0	Friday
2019-08-03	49.0	101.0	50.0	0.0	200.0	13.0	Saturday
2019-08-04	132.0	106.0	33.0	0.0	271.0	18.0	Sunday
2019-08-05	50.0	8.0	57.0	50.0	165.0	24.0	Monday
2019-08-06	0.0	0.0	73.0	53.0	126.0	21.0	Tuesday
2019-08-07	13.0	3.0	69.0	44.0	129.0	23.0	Wednesday
2019-08-08	0.0	20.0	31.0	48.0	99.0	16.0	Thursday
2019-08-09	0.0	20.0	101.0	22.0	143.0	19.0	Friday
2019-08-10	74.0	63.0	13.0	0.0	150.0	14.0	Saturday
2019-08-11	115.0	86.0	20.0	0.0	221.0	16.0	Sunday
2019-08-12	45.0	6.0	45.0	68.0	164.0	22.0	Monday
2019-08-13	0.0	8.0	38.0	42.0	88.0	14.0	Tuesday
2019-08-14	15.0	9.0	52.0	2.0	78.0	17.0	Wednesday
2019-08-15	0.0	19.0	25.0	11.0	55.0	9.0	Thursday
2019-08-16	6.0	9.0	79.0	22.0	116.0	18.0	Friday
2019-08-17	36.0	97.0	36.0	0.0	169.0	10.0	Saturday
2019-08-18	143.0	107.0	12.0	0.0	262.0	15.0	Sunday
2019-08-19	59.0	9.0	53.0	60.0	181.0	26.0	Monday
2019-08-20	0.0	16.0	61.0	66.0	143.0	19.0	Tuesday
2019-08-21	17.0	0.0	45.0	27.0	89.0	19.0	Wednesday
2019-08-22	0.0	25.0	12.0	18.0	55.0	9.0	Thursday
2019-08-23	0.0	7.0	46.0	26.0	79.0	18.0	Friday
2019-08-24	95.0	90.0	45.0	0.0	230.0	17.0	Saturday
2019-08-25	191.0	62.0	33.0	0.0	286.0	19.0	Sunday
2019-08-26	51.0	9.0	55.0	47.0	162.0	5.0	Monday
2019-08-27	0.0	22.0	88.0	58.0	168.0	0.0	Tuesday
2019-08-28	12.0	8.0	49.0	35.0	104.0	0.0	Wednesday
2019-08-29	0.0	0.0	21.0	54.0	75.0	0.0	Thursday
2019-08-30	3.0	8.0	46.0	16.0	73.0	0.0	Friday
2019-08-31	0.0	102.0	54.0	0.0	156.0	0.0	Saturday
2019-09-01	149.0	304.0	118.0	0.0	571.0	13.0	Sunday
2019-09-02	14.0	94.0	100.0	61.0	269.0	23.0	Monday
2019-09-03	34.0	13.0	63.0	65.0	175.0	21.0	Tuesday
2019-09-04	3.0	0.0	68.0	34.0	105.0	22.0	Wednesday
2019-09-05	7.0	2.0	22.0	59.0	90.0	14.0	Thursday
2019-09-06	7.0	10.0	56.0	34.0	107.0	22.0	Friday
2019-09-07	121.0	91.0	19.0	0.0	231.0	17.0	Saturday
2019-09-08	331.0	257.0	35.0	0.0	623.0	22.0	Sunday
2019-09-09	58.0	10.0	56.0	51.0	175.0	26.0	Monday
2019-09-10	0.0	16.0	57.0	90.0	163.0	21.0	Tuesday
2019-09-11	26.0	25.0	45.0	34.0	130.0	25.0	Wednesday
2019-09-12	0.0	4.0	56.0	47.0	107.0	19.0	Thursday
2019-09-13	0.0	6.0	66.0	34.0	106.0	23.0	Friday
2019-09-14	0.0	73.0	47.0	0.0	120.0	14.0	Saturday
2019-09-15	0.0	102.0	103.0	0.0	205.0	17.0	Sunday
2019-09-16	30.0	20.0	140.0	89.0	279.0	26.0	Monday
2019-09-17	0.0	12.0	78.0	57.0	147.0	21.0	Tuesday
2019-09-18	9.0	0.0	54.0	15.0	78.0	26.0	Wednesday
2019-09-19	10.0	4.0	48.0	35.0	97.0	18.0	Thursday
2019-09-20	0.0	2.0	65.0	36.0	103.0	24.0	Friday
2019-09-21	50.0	92.0	45.0	0.0	187.0	20.0	Saturday
2019-09-22	36.0	300.0	68.0	0.0	404.0	22.0	Sunday
2019-09-23	7.0	0.0	90.0	57.0	154.0	5.0	Monday
2019-09-24	0.0	0.0	34.0	58.0	92.0	0.0	Tuesday
2019-09-25	1.0	5.0	50.0	31.0	87.0	0.0	Wednesday
2019-09-26	0.0	13.0	32.0	48.0	93.0	0.0	Thursday
2019-09-27	0.0	4.0	45.0	33.0	82.0	0.0	Friday
2019-09-28	0.0	62.0	50.0	0.0	112.0	10.0	Saturday
2019-09-29	0.0	131.0	52.0	0.0	183.0	15.0	Sunday
2019-09-30	0.0	0.0	31.0	3.0	34.0	14.0	Monday
2019-10-01	0.0	2.0	50.0	61.0	113.0	18.0	Tuesday
2019-10-02	7.0	0.0	28.0	0.0	35.0	15.0	Wednesday
2019-10-03	0.0	4.0	43.0	56.0	103.0	18.0	Thursday
2019-10-04	0.0	9.0	39.0	6.0	54.0	19.0	Friday
2019-10-05	161.0	73.0	28.0	0.0	262.0	20.0	Saturday
2019-10-06	137.0	106.0	46.0	0.0	289.0	20.0	Sunday
2019-10-07	61.0	0.0	83.0	48.0	192.0	26.0	Monday
2019-10-08	0.0	5.0	58.0	84.0	147.0	20.0	Tuesday
2019-10-09	30.0	15.0	31.0	27.0	103.0	23.0	Wednesday
2019-10-10	0.0	0.0	33.0	68.0	101.0	15.0	Thursday
2019-10-11	8.0	26.0	45.0	24.0	103.0	21.0	Friday
2019-10-12	20.0	50.0	31.0	0.0	101.0	10.0	Saturday
2019-10-13	171.0	76.0	35.0	0.0	282.0	20.0	Sunday
2019-10-14	49.0	23.0	75.0	67.0	214.0	26.0	Monday
2019-10-15	0.0	6.0	90.0	50.0	146.0	21.0	Tuesday
2019-10-16	25.0	14.0	47.0	22.0	108.0	26.0	Wednesday
2019-10-17	0.0	3.0	48.0	53.0	104.0	16.0	Thursday
2019-10-18	0.0	0.0	42.0	33.0	75.0	19.0	Friday
2019-10-19	0.0	56.0	52.0	0.0	108.0	11.0	Saturday
2019-10-20	212.0	129.0	53.0	0.0	394.0	21.0	Sunday
2019-10-21	0.0	0.0	0.0	0.0	0.0	0.0	Monday
2019-10-22	0.0	0.0	0.0	0.0	0.0	0.0	Tuesday
2019-10-23	0.0	0.0	0.0	0.0	0.0	0.0	Wednesday
2019-10-24	0.0	0.0	0.0	0.0	0.0	0.0	Thursday
2019-10-25	0.0	0.0	0.0	0.0	0.0	0.0	Friday
2019-10-26	0.0	0.0	0.0	0.0	0.0	0.0	Saturday
2019-10-27	0.0	0.0	0.0	0.0	0.0	0.0	Sunday
2019-10-28	0.0	0.0	0.0	0.0	0.0	0.0	Monday
2019-10-29	0.0	0.0	0.0	0.0	0.0	0.0	Tuesday
2019-10-30	0.0	0.0	0.0	0.0	0.0	0.0	Wednesday
2019-10-31	0.0	0.0	0.0	0.0	0.0	0.0	Thursday
2019-11-01	0.0	0.0	0.0	0.0	0.0	0.0	Friday
2019-11-02	0.0	0.0	0.0	0.0	0.0	0.0	Saturday
2019-11-03	0.0	0.0	0.0	0.0	0.0	0.0	Sunday
2019-11-04	0.0	0.0	0.0	0.0	0.0	0.0	Monday
2019-11-05	0.0	0.0	0.0	0.0	0.0	0.0	Tuesday
2019-11-06	0.0	0.0	0.0	0.0	0.0	0.0	Wednesday
2019-11-07	0.0	0.0	0.0	0.0	0.0	0.0	Thursday
2019-11-08	0.0	0.0	0.0	0.0	0.0	0.0	Friday
2019-11-09	0.0	0.0	0.0	0.0	0.0	0.0	Saturday
2019-11-10	0.0	0.0	0.0	0.0	0.0	0.0	Sunday
2019-11-11	0.0	0.0	0.0	0.0	0.0	0.0	Monday
2019-11-12	0.0	0.0	0.0	0.0	0.0	0.0	Tuesday
2019-11-13	0.0	0.0	0.0	0.0	0.0	0.0	Wednesday
2019-11-14	0.0	0.0	0.0	0.0	0.0	0.0	Thursday
2019-11-15	0.0	0.0	0.0	0.0	0.0	0.0	Friday
2019-11-16	0.0	0.0	0.0	0.0	0.0	0.0	Saturday
2019-11-17	0.0	0.0	0.0	0.0	0.0	0.0	Sunday
2019-11-18	0.0	0.0	0.0	0.0	0.0	0.0	Monday
2019-11-19	0.0	0.0	0.0	0.0	0.0	0.0	Tuesday
2019-11-20	0.0	0.0	0.0	0.0	0.0	0.0	Wednesday
2019-11-21	0.0	0.0	0.0	0.0	0.0	0.0	Thursday
2019-11-22	0.0	0.0	0.0	0.0	0.0	0.0	Friday
2019-11-23	0.0	0.0	0.0	0.0	0.0	0.0	Saturday
2019-11-24	0.0	0.0	0.0	0.0	0.0	0.0	Sunday
2019-11-25	0.0	9.0	57.0	41.0	107.0	5.0	Monday
2019-11-26	0.0	8.0	33.0	36.0	77.0	0.0	Tuesday
2019-11-27	0.0	7.0	55.0	15.0	77.0	0.0	Wednesday
2019-11-28	0.0	0.0	56.0	0.0	56.0	0.0	Thursday
2019-11-29	0.0	4.0	13.0	21.0	38.0	0.0	Friday
2019-11-30	0.0	78.0	33.0	0.0	111.0	0.0	Saturday
2019-12-01	0.0	68.0	296.0	0.0	364.0	0.0	Sunday
2019-12-02	0.0	14.0	108.0	38.0	160.0	0.0	Monday
2019-12-03	0.0	12.0	55.0	50.0	117.0	0.0	Tuesday
2019-12-04	0.0	4.0	57.0	3.0	64.0	0.0	Wednesday
2019-12-05	0.0	0.0	30.0	49.0	79.0	0.0	Thursday
2019-12-06	0.0	3.0	58.0	17.0	78.0	0.0	Friday
2019-12-07	0.0	51.0	62.0	0.0	113.0	6.0	Saturday
2019-12-08	98.0	51.0	12.0	0.0	161.0	14.0	Sunday
2019-12-09	19.0	6.0	19.0	53.0	97.0	16.0	Monday
2019-12-10	0.0	4.0	37.0	42.0	83.0	15.0	Tuesday
2019-12-11	0.0	6.0	51.0	5.0	62.0	20.0	Wednesday
2019-12-12	0.0	4.0	27.0	55.0	86.0	16.0	Thursday
2019-12-13	0.0	5.0	56.0	2.0	63.0	21.0	Friday
2019-12-14	46.0	46.0	31.0	0.0	123.0	18.0	Saturday
2019-12-15	80.0	43.0	46.0	0.0	169.0	20.0	Sunday
2019-12-16	0.0	0.0	21.0	34.0	55.0	17.0	Monday
2019-12-17	0.0	0.0	34.0	60.0	94.0	15.0	Tuesday
2019-12-18	2.0	3.0	29.0	26.0	60.0	21.0	Wednesday
2019-12-19	0.0	3.0	26.0	43.0	72.0	14.0	Thursday
2019-12-20	3.0	0.0	39.0	33.0	75.0	23.0	Friday
2019-12-21	27.0	49.0	29.0	0.0	105.0	16.0	Saturday
2019-12-22	50.0	0.0	10.0	0.0	60.0	12.0	Sunday
2019-12-23	0.0	0.0	40.0	12.0	52.0	20.0	Monday
2019-12-24	0.0	5.0	13.0	7.0	25.0	5.0	Tuesday
2019-12-25	0.0	0.0	0.0	0.0	0.0	0.0	Wednesday
2019-12-26	0.0	31.0	28.0	31.0	90.0	17.0	Thursday
2019-12-27	2.0	0.0	49.0	26.0	77.0	22.0	Friday
2019-12-28	23.0	69.0	25.0	0.0	117.0	20.0	Saturday
2019-12-29	47.0	44.0	32.0	0.0	123.0	15.0	Sunday
2019-12-30	0.0	0.0	35.0	32.0	67.0	3.0	Monday
2019-12-31	0.0	23.0	17.0	10.0	50.0	0.0	Tuesday
